0100 0750 300 050
0400 0500 100 050
0500 0750 100 050
0600 0500 100 050
0700 0750 100 050
0800 0500 100 050
0900 0750 100 050
1000 0500 100 050
1100 0750 100 050
1200 0500 100 050
1300 0750 100 050
1400 0500 100 050
1500 0750 100 050
1600 0500 100 050
1700 0750 100 050
1800 0500 100 050
1900 0750 100 050
2000 0500 100 050
2100 0750 100 050
2200 0500 100 050
2300 0750 100 050
2400 0500 100 050
2500 0750 100 050
2600 0500 100 050
2700 0750 100 050
2800 0500 100 050
2900 0750 100 050
3000 0500 100 050
3100 0750 100 050
3200 0500 100 050
3300 0750 100 050
3400 0500 100 050
3500 0750 100 050
3600 0500 100 050
3700 0750 100 050
3800 0500 100 050
4000 0500 100 050
4100 0750 100 050
4200 0500 100 050
4300 0750 100 050
4400 0500 100 050
4500 0750 100 050
4600 0500 100 050
4700 0750 100 050
4800 0500 100 050
4900 0750 100 050
5000 0500 100 050